known_commands = false
learn_directions = false

Mean Total Reward: 98.683,StdErr Total Reward: 0.076
Mean Total Time: 12.070,StdErr Total Reward: 0.505

-3.091897160399902,-0.07154769873483557,0.11646403027722635,2.458870772609651,9,99.10000000000001
2.006460680738085,0.008615180219259777,0.37294029388390104,1.1120319950487034,8,99.2
-0.2608622673882167,-1.8096732938254345,0.059337160760187135,-2.772785974792265,19,98.10000000000001
1.6397132991342902,-1.622704876439566,1.4907089394974538,-1.461732141378064,19,98.10000000000001
0.13757891819774115,2.125963835366937,0.1511653887742086,1.1068913682226773,10,99.0
-2.975767284349295,-1.0066103536104114,0.4625745650579106,1.6702147124240057,21,97.9
1.49341967834993,0.5126490546893141,-1.5201957521578708,-1.9071672682445082,8,99.2
1.1738097094536815,-1.3428102291059105,-1.0313450687470263,0.10893545728343579,18,98.2
-1.759617141907757,2.268059003078407,0.9827217698532501,1.1597549921301333,10,99.0
-2.7856788185451933,-2.3827061074152427,0.1232114451823558,-0.742592429859581,7,99.30000000000001
0.8473266276665461,-1.5163710173446632,-0.773376519106185,0.5203729899599514,7,99.30000000000001
1.9642405500760107,2.926644570889388,2.166693962831915,2.930231767445341,15,98.5
2.079097810300804,0.4049436675976055,0.9900868311619293,1.6796187687577258,23,97.7
1.721198909275403,-0.7873418401861451,-1.912189617516589,-1.7449347926624375,19,96.10000000000001
0.40021911813167543,-0.07201393716881066,-0.14227997565178913,1.6977641558916508,11,98.9
-0.014277583823628426,-0.6519078068269821,0.2819288658963881,0.2513259279488844,5,99.5
0.2899482863243672,2.8047033360019507,-3.115347725461448,-0.09230947198097528,3,99.7
0.8491776131370872,1.1654705277237398,-1.1419934716400046,-0.8454636001400067,12,98.80000000000001
1.1415596296508257,-0.38996098156199,-0.4569769178065385,-2.2034104766273703,14,98.60000000000001
0.22287735972193579,-2.6498938497478375,-2.5971379483975836,2.1503816819425055,17,98.30000000000001
-1.3177818173900495,2.020854034356697,0.5610666915311634,-0.14354713140460262,15,98.5
-0.3351978855250537,2.6536882992651565,0.07211584781699552,0.9825277423278069,19,97.10000000000001
1.0224290172646118,-2.838097950280863,2.182732846402347,2.3547250885409046,2,99.80000000000001
0.1260728068662318,-1.3199254600839003,1.4358355892429149,2.67211058481578,18,98.2
-2.2639944416917968,-0.829409772063945,-0.1612631648826883,0.26714583807415915,17,98.30000000000001
0.32377902608697706,1.0446052504007293,0.132046232141735,1.2537377912169605,15,98.5
-1.2758861105445969,-1.8169572897378248,-0.8274682183258397,-1.9751863097343332,21,95.9
-0.32755193949941863,2.758261881144975,-1.1501918375718982,2.3608427020969294,8,99.2
-2.3341788018717824,-3.0220212269335684,2.3106668321871684,1.5978272570802516,10,99.0
-1.4441809404855652,1.1451425499040928,1.0008418325512687,-0.2920228367333717,4,99.60000000000001
-1.5882146749430597,-1.1215212900464806,-0.015527384882954215,0.2746550949019193,16,98.4
1.8330414666997337,-0.2453842538530604,-0.0691001903290025,1.5637755958641277,10,99.0
-0.5268359155005111,-1.2532022957783058,0.510579372925582,-0.5816743649260068,15,98.5
-0.36662175838765476,0.2755189139906751,1.5161595984057212,1.2706841265085687,10,99.0
0.036868206289752514,-1.2350222983477086,1.144592347736915,2.0665760471748325,12,98.80000000000001
-0.4681057382364232,1.750377500622224,-1.9430332562726271,-0.32059355564200054,8,99.2
-0.02103249009954089,-1.1677965121367355,0.08649634359419092,-2.7450470472857087,22,96.80000000000001
1.2705717435366823,1.1819536194292222,0.08533939933111612,1.85317812646832,13,98.7
-1.8797819813770744,2.1931944928598632,0.5874493037712324,1.4940133773060007,18,98.2
-0.3599563359626967,-0.7632527117423813,-0.19507358119086438,1.4400560605967607,19,98.10000000000001
-1.7416441949249295,-1.1115324153093427,0.5980778985261398,1.6015598329027814,15,98.5
-2.0550223870470785,2.8835163232395056,2.9755028062826234,1.262222617447018,13,98.7
1.676715020208363,-1.051616313287604,2.5924595881588726,2.0654499561727375,12,98.80000000000001
-1.1278302396384112,-2.2689344367390722,0.5740496117375091,1.924308677818998,19,98.10000000000001
2.258566435845169,-2.4714652187362804,3.06318797637012,1.1825323050831966,8,99.2
2.465632040642867,2.41696705211557,-2.3834707315811112,1.323862418825664,13,98.7
-1.292260182935629,-1.5860706906637594,-0.8087029128731826,-2.447033764788285,13,98.7
0.5283584161497177,-0.8106136175227019,-0.06218113114731661,0.7440305322729263,11,98.9
-1.034128075737125,-0.8595144204826203,1.479785032333428,1.9919121773712325,11,98.9
0.4017426110648663,-3.0041807963585976,-1.4482065213408897,-0.34144573754976193,5,99.5
-2.2527443693012823,-1.4891297185750483,-0.7917765130995253,-2.8441000343715985,12,98.80000000000001
1.4702754719751414,-1.7563084808190232,-1.2810590027801143,1.735157486422528,13,97.7
-1.6570843838915388,-1.1948641295423175,-2.687020029074095,0.8258467145790531,9,99.10000000000001
0.7123973183695619,-2.0059561897901466,-3.112189262054623,2.9669829937422882,8,99.2
1.0208035566264693,-2.4605312863698603,-0.018585149399490797,1.4941368791679521,10,99.0
2.271592847911068,-1.9363185825061828,-2.9648236867940114,-0.5668575132762066,18,98.2
1.798593339300171,-1.309412449723204,2.066254069120353,0.8603910705242415,10,99.0
-0.7887159119242355,-0.012262649952301752,-0.32547801692366707,0.2528936905531429,12,98.80000000000001
-0.3805528224257255,-0.8718515890345044,-2.6041607356738163,-2.9256415266450886,8,99.2
-0.6709453537077359,-1.7270381634898166,-1.2720873512281905,0.5048864761760639,22,97.80000000000001
-0.9194400810345122,0.21430162889851,0.4202600455037892,1.5092829594317396,11,98.9
0.1684603188331122,2.068679189681932,1.2636860010094884,-0.15734428504374165,16,98.4
1.8664497170087906,2.495381265822081,-0.6908848435268808,1.333011467157955,10,99.0
2.9926311707919044,1.496009023418643,-0.13100616643462182,-2.8707847153331003,7,99.30000000000001
-0.6673388923217392,-1.1535717049230394,2.812869691729559,-0.6662436187599825,15,98.5
-1.4906747342556688,-0.06113901303320912,-0.34150960133815467,0.14667447649438348,8,99.2
0.07239882887872628,2.279402490958704,0.6026919945751532,1.481308505496668,10,99.0
3.114619928308798,2.019597442305286,0.2593071911485528,1.2491868943754023,16,98.4
0.2326833366938863,1.5103524063019345,0.6652468483481182,-2.034388106865923,4,99.60000000000001
1.0498679387998153,-2.340974025043713,2.12527777745557,1.24016996837569,11,98.9
-0.058572175423787565,2.2447999586138883,1.5696324963553732,1.6968560822092664,11,98.9
0.5624673068295951,-1.406184657692507,-2.2153846500379064,0.46281046613175025,11,98.9
2.0821008318155254,-0.1366453673094306,0.5569344533729095,-0.07193462018506969,6,99.4
0.42147781748862867,-0.9367069836648736,-1.2647998406996879,1.5575116391002846,15,97.5
2.2680321154798095,-1.4559508287210092,-0.3216459537956704,1.962143308910055,9,99.10000000000001
2.721467845371553,1.3165231201649932,-0.021517663156163547,-1.4584380268958232,3,99.7
1.7256325206598646,2.337097377260898,-2.6399572231113844,0.6742602642637419,18,98.2
0.9307505062145908,-1.4214681711378634,1.1056341693045795,2.0710364139948503,15,98.5
2.0542865807697375,-0.10577768201544646,0.03099354838438987,1.1801593038969749,13,98.7
0.8991272901577783,2.0493833981057668,-0.9594363891129061,1.9517937806877828,9,99.10000000000001
0.8091808342287461,2.128486304405919,0.6860499111266779,0.7645421051072626,13,98.7
1.810258888433676,-1.2764030010431644,0.6801203317601527,0.38288867155600625,12,98.80000000000001
0.2649039556793287,2.643097117262813,-0.7804028451720502,1.4305270107748171,9,99.10000000000001
-0.2932415461959448,1.989340542824948,0.2614327359960029,1.620364840931724,8,99.2
1.1491346729748066,-1.5866784036558816,1.624768938369911,1.520173372177189,6,99.4
0.335945587190394,-0.836851547806789,1.6279131138882956,0.13198504750601492,15,98.5
-1.777103634235896,2.740807163231561,-0.2511477415936226,-0.9366182803894221,5,99.5
2.082031643960076,-0.7378029849898968,0.7447373094894648,0.387671901997924,13,98.7
-0.21653333437855782,-1.4508969150296787,1.0560692053853158,1.0634685467372735,9,99.10000000000001
-1.4428063644622782,-0.8735845602362873,1.4040558896078528,-3.001747009844513,22,96.80000000000001
0.18940309639385666,-0.5741597414814898,2.9605443920842047,2.405031221767186,7,99.30000000000001
-1.9743108638614577,1.0538459710311634,0.5046951535236639,2.666921458990423,7,99.30000000000001
-0.31372725520241795,-1.1095327185287627,0.7200856018834796,-1.4643143995029215,23,95.7
-0.5079633898077298,1.0293022975257093,2.0846413740400034,1.402337344052556,11,98.9
0.8757194846000562,-0.050876714504926035,0.5200200477687262,0.3073954883614216,5,99.5
-1.5604800629902091,0.8245552654659316,-1.011626002086627,1.5290864868146987,10,99.0
-0.11879032251960497,-2.591266466113544,-0.13613411768487405,1.8721660947069616,18,98.2
-0.8571611204602156,-0.20587688286374384,-0.5443216535048006,1.9546125858600227,3,99.7
-2.3594919439280693,-0.2545136483724134,-0.844814984348625,0.06741892790934134,14,98.60000000000001
-2.7194055091349054,2.9380164312683936,-0.5220146703206641,0.2888267150649271,10,99.0