known_commands = false
learn_directions = true


-3.091897160399902,0.028456427225359918,0.1530374011933233,1.7827479623347353,36,96.4
1.305593012838953,-1.0981419074809944,-0.3024949088807404,1.5667633039899116,200,-20.000000000000007
-2.3527843292537693,-0.8556248235085915,0.44872388803227825,1.4874225949861781,150,85.00000000000001
2.616103371788885,-1.2636619318958333,-0.1381297099880089,0.4689811208733821,122,87.80000000000001
2.035119972950883,-1.4166232270197607,0.037218951831883174,0.9884092389569246,157,84.30000000000001
-2.975767284349295,-0.8440292448550858,0.12938300226548785,1.6702147124240057,32,96.80000000000001
2.307356754217906,-1.4922527950706084,-0.45687904709847876,1.2236790401619353,82,91.8
2.429363604412348,-1.2745993920669525,-0.6030782727728716,0.7499197669953689,82,91.8
-2.194246296893704,-1.4362375383214685,-0.3382144112949368,1.4051660624471087,91,90.9
-2.158328106678216,-1.5854601908280916,-0.5913757737531765,1.105054852342902,63,93.7
2.1561723701439575,-0.9219747267429608,-0.025147189882601784,1.0644944036889947,71,92.9
2.3975793393598126,-0.31102368299544075,0.23827618131737072,0.8956366755035764,128,87.20000000000002
1.2187899622970484,-0.9837896196691123,-0.5843303016648586,0.8898104939276161,200,-20.000000000000007
2.3778187404184647,-1.3516219514700174,-0.6109671264373993,0.5372009831260746,148,84.2
-2.2003212553566005,-1.5266116311869116,-0.09531057187518104,1.0364669392786587,59,94.10000000000001
2.224202216287807,-1.0747294373132399,-0.15802688783400115,1.3405849256452966,111,88.9
2.438857801095586,-0.9031547506992638,0.2656181228789039,1.075262284423665,58,94.2
2.3962135712663075,-0.8906068473463363,0.204433014361249,0.5046438938557605,127,87.30000000000001
2.5045558808517767,-0.8906418393658229,-0.35231518435774034,0.3249366710571967,168,83.2
2.349777247470706,-1.93773372239477,-0.776704471988086,0.9895752269217193,88,91.2
1.7192482072178938,-1.0794059486916985,0.5081378750963339,0.5828470563973416,200,-20.000000000000007
2.333502011400867,-0.9491945595513296,0.5970558732857666,1.7950344279361683,58,93.2
2.0223157587122658,-1.9044493379049416,0.19638909211106037,0.933537088525409,103,89.7
2.346653910875033,-0.9988099425664108,0.617165640755309,2.2439580010026954,46,94.4
2.530357547462663,-1.4349228298365717,0.4707492233478576,1.072359435341077,125,87.50000000000001
2.5246445024044384,-0.05370687756219655,-0.5532808950922066,0.8702532238490188,85,91.5
2.2079724933938323,-1.127151849317426,-0.36785920236929004,1.0267486953819647,124,84.60000000000001
2.11849243090246,-1.551209280651143,-0.35150917317174313,0.9380507684854829,99,90.10000000000001
2.3383048332754806,-1.0941138804492245,0.653588848662991,0.8265979353799073,35,96.5
2.322884269027579,-1.2264191101158644,0.16716545027842433,1.307609725034456,58,94.2
2.2819999590723983,-1.7529265392773292,-0.08990022606641301,0.8739719939540392,92,90.80000000000001
2.2315974730834616,-0.9192742731241319,0.24845058691196883,1.1947636198433955,43,95.7
2.583128768627229,-1.0672651925780312,-0.7739345319563364,0.46169280923815625,53,94.7
-2.166425043987543,-1.2263663711191666,-0.4242617187097575,0.9042340287640225,70,93.0
2.5276069311996903,-1.916146586769551,0.4870553780568614,2.3890810290993207,25,97.5
2.0525782606835885,-0.952609016086106,0.6405429783446939,1.2873347083240585,105,89.5
2.2635513449818165,-1.186647850813333,0.1788055408100353,1.7240124433886248,179,81.10000000000001
0.21261763638401918,-0.21353452086040606,0.32251930024035613,0.7561720944031826,200,-20.000000000000007
2.525778541556399,-0.5808356885068332,0.28425408606216696,1.0536381640302679,72,92.80000000000001
-2.3522636132636725,-1.5906144437142289,-0.5820589054535432,0.8600056088160541,66,93.4
-2.425281798461137,-1.0539768954735997,0.9669477505048172,1.198633765627743,171,82.89999999999999
2.1589987326091,-0.920602434319996,0.5678598383770949,0.9548004647369892,144,84.60000000000001
2.38412417038162,-2.128949655895547,0.8069202817933534,0.9243756215349148,90,91.00000000000001
2.4237222408149233,-1.3684629492866849,-0.5289166622930475,0.6966469622609872,140,86.00000000000001
2.2253318444425627,-0.8616854696899072,-0.3741543239794116,1.1039630253699935,79,92.10000000000001
2.4120823760957464,-0.9168291947945402,-1.2597096269250847,1.7385019619523896,47,95.30000000000001
2.402889441272537,-1.4551276862538054,-0.8106473800813337,0.8639173842121387,108,89.2
2.4043776835015556,-0.7717211926651839,0.1824732306947941,1.0245179926138095,43,95.7
2.162002917736084,-1.0686971558147205,-0.21887688155443502,0.9545658850854213,139,86.10000000000001
2.443352304582403,-1.0906277549555736,-0.18451393761706375,0.627125704465873,93,90.70000000000002
2.519604485377569,-1.2385827243087788,-0.5996165838089108,0.27481195480288745,53,94.7
2.4063343072336614,-1.6642408231820374,0.7840806404047703,1.3306810422722548,102,89.80000000000001
2.4242999660412488,-1.3964141917780357,-1.3072783682005618,1.8071224789404112,85,91.5
2.4001097436104195,-0.6750378060201854,-0.5097217344773979,1.502446808470009,49,95.10000000000001
2.0340619573127747,-0.8148219057922557,-0.6333243773174024,0.8597377734525801,117,88.30000000000001
2.1031977981567587,-1.3287549382924655,0.0917513779183789,1.5890152021765227,163,83.7
2.939678190316184,-0.9366722838838304,0.3762919815170397,1.6939366492607446,22,97.80000000000001
2.451360185409729,-1.4055268428107692,0.48016217110269493,0.8342417524966225,177,82.29999999999998
2.442465618518973,-1.4359481874504982,1.1588130891534907,0.7871602305986172,86,91.4
2.259604993399329,-0.8921501578766171,-0.02871156592441848,1.2318561165797937,79,92.10000000000001
0.6983136138007707,-0.5758211656827457,0.012609931922335671,1.5698850874380041,200,-20.000000000000007
-1.1543226405895681,-1.355173854856893,0.08311415852123707,1.3849728807192032,200,-20.000000000000007
2.385857394513469,-1.1190922186172227,0.5381824863115834,1.012138938113897,25,97.5
2.4004609110227717,-0.8855873159416149,0.5017054689088938,0.4874124394861758,33,96.7
2.597481964223417,-1.2809908279980495,0.9954571947932569,1.109250609415123,93,90.70000000000002
2.5319570508662848,-0.25505744076625636,0.4020651060701046,0.8754740303982571,59,94.10000000000001
2.3787078400399984,-0.9750284284411366,0.6125389265823238,1.1243279987654824,154,84.60000000000001
3.1227117458930964,-0.24268699238184988,0.23678557201507985,1.2061452265871848,37,96.30000000000001
2.0774066496585477,-0.9098930927753766,0.30240901078865445,0.8591976561443959,57,94.30000000000001
3.0481677204118487,-0.41989823021113354,0.45587002891225653,1.8559866883988572,33,96.7
2.4009827251976152,-0.6390478304525389,0.3263572433954204,1.4836581729106482,55,93.5
2.4191137710547674,-1.348093550230411,-0.3062939040417557,1.3910688427317575,87,91.30000000000001
2.5285324480189773,-0.7875378700832467,0.028347246175182916,0.5884903629930824,68,93.2
2.200410037350401,-1.671635449812061,0.10158496923823043,0.8184977224583162,126,87.4
2.45156046057306,-2.607888826100389,0.04260892143964051,1.6055397156805784,34,96.60000000000002
2.0773255651260034,-1.7000682474335074,0.09309365575062595,0.953585418623079,123,87.70000000000002
2.042417982894904,-0.8217661842252132,0.5406134737485386,1.4429172448239997,182,81.80000000000001
2.036716651930933,-1.0790570968422772,0.12185007249411503,0.8795671650824106,175,82.49999999999999
-2.2608191959161865,-1.1172541871900659,-0.39902867162160116,1.0234273966295495,61,93.9
2.433213230193495,-1.0051869448662587,-0.9454686154401364,0.9761795953407075,67,93.30000000000001
2.1613559130480637,-0.8449312397930608,0.7645886695479489,1.3783373478061987,129,87.10000000000001
2.3243054943498316,-1.6835187805330738,0.2530939404081654,0.8427847543638134,49,95.10000000000001
2.8668665841097662,-0.7100111146094585,0.1563186410093973,1.1201358381035118,99,90.10000000000001
1.1191492894958612,-0.6758793542048086,0.18340687623578675,1.1682048280046384,200,-20.000000000000007
2.0927922508020766,-1.0584678111742876,0.29285892811874614,1.0483587512126997,77,92.30000000000001
2.287336858319313,-1.365866889248376,-0.5954822325707338,1.6407899500289884,169,83.1
2.225798027673043,-0.982918669371072,-0.28937406319976056,1.2592825732105497,75,92.50000000000001
2.4574741445577675,-0.7714855025163934,-0.4337873503512535,1.4524646673581205,40,96.0
2.4483451808952186,-0.45370715395653927,0.33445970380605994,1.5225535455955668,166,83.4
-0.1760144221239478,-1.0344815251836659,0.5444794230185568,-0.2958447399740092,200,-22.00000000000001
2.4492032732422477,-1.11515747234488,0.36920252970706596,0.5336742342673708,62,93.80000000000001
2.050055706737865,-1.0541012918180863,0.050972855109414184,2.1810042866522754,30,97.0
2.1090473582360527,-0.9710442007550192,0.27497691679754005,0.8596205763016732,72,91.80000000000001
2.4578683412061597,-1.1769543126477477,0.9663928924313545,0.9337865409072135,72,92.80000000000001
2.721124049553078,-0.4691073749641707,0.47906983296799577,0.9996816795610906,119,88.10000000000001
2.0309309954441677,-0.8995239138948365,0.03898716621406073,1.4593581897457786,77,92.30000000000001
2.1756322714952443,-1.3765380144571109,-0.13613411768487405,1.018840368635378,26,97.4
2.248982527489689,-0.9997090823317467,-0.18519345694673361,0.9870944598036175,140,86.00000000000001
-2.3594919439280693,-1.5781773828674341,-0.5516262538861696,1.1187117525628196,44,95.60000000000001
2.4794573633096975,-1.5640115450374408,-0.7152256468874509,1.328655449180557,123,87.70000000000002