known_commands = true
learn_directions = true

Mean Total Reward: 98.781,StdErr Total Reward: 0.083
Mean Total Time: 11.297,StdErr Total Reward: 0.513

3.141592653589793,-1.5707963267948966,0.0,1.5707963267948966,9,99.10000000000001
3.141592653589793,-1.5707963267948966,0.0,1.5707963267948966,9,99.10000000000001
3.141592653589793,-1.5707963267948966,0.0,1.5707963267948966,5,99.5
3.141592653589793,-1.5707963267948966,0.0,1.5707963267948966,18,98.2
3.141592653589793,-1.5707963267948966,0.0,1.5707963267948966,15,98.5
3.141592653589793,-1.5707963267948966,0.0,1.5707963267948966,8,99.2
3.141592653589793,-1.5707963267948966,0.0,1.5707963267948966,16,98.4
3.141592653589793,-1.5707963267948966,0.0,1.5707963267948966,5,99.5
3.141592653589793,-1.5707963267948966,0.0,1.5707963267948966,14,98.60000000000001
3.141592653589793,-1.5707963267948966,0.0,1.5707963267948966,10,99.0
3.141592653589793,-1.5707963267948966,0.0,1.5707963267948966,7,99.30000000000001
3.141592653589793,-1.5707963267948966,0.0,1.5707963267948966,10,99.0
3.141592653589793,-1.5707963267948966,0.0,1.5707963267948966,15,98.5
3.141592653589793,-1.5707963267948966,0.0,1.5707963267948966,20,96.0
3.141592653589793,-1.5707963267948966,0.0,1.5707963267948966,17,98.30000000000001
3.141592653589793,-1.5707963267948966,0.0,1.5707963267948966,10,99.0
3.141592653589793,-1.5707963267948966,0.0,1.5707963267948966,3,99.7
3.141592653589793,-1.5707963267948966,0.0,1.5707963267948966,2,99.80000000000001
3.141592653589793,-1.5707963267948966,0.0,1.5707963267948966,11,98.9
3.141592653589793,-1.5707963267948966,0.0,1.5707963267948966,16,98.4
3.141592653589793,-1.5707963267948966,0.0,1.5707963267948966,15,98.5
3.141592653589793,-1.5707963267948966,0.0,1.5707963267948966,8,99.2
3.141592653589793,-1.5707963267948966,0.0,1.5707963267948966,18,98.2
3.141592653589793,-1.5707963267948966,0.0,1.5707963267948966,3,99.7
3.141592653589793,-1.5707963267948966,0.0,1.5707963267948966,19,97.10000000000001
3.141592653589793,-1.5707963267948966,0.0,1.5707963267948966,23,97.7
3.141592653589793,-1.5707963267948966,0.0,1.5707963267948966,13,98.7
3.141592653589793,-1.5707963267948966,0.0,1.5707963267948966,22,96.80000000000001
3.141592653589793,-1.5707963267948966,0.0,1.5707963267948966,10,99.0
3.141592653589793,-1.5707963267948966,0.0,1.5707963267948966,9,99.10000000000001
3.141592653589793,-1.5707963267948966,0.0,1.5707963267948966,4,99.60000000000001
3.141592653589793,-1.5707963267948966,0.0,1.5707963267948966,17,98.30000000000001
3.141592653589793,-1.5707963267948966,0.0,1.5707963267948966,10,99.0
3.141592653589793,-1.5707963267948966,0.0,1.5707963267948966,10,99.0
3.141592653589793,-1.5707963267948966,0.0,1.5707963267948966,13,97.7
3.141592653589793,-1.5707963267948966,0.0,1.5707963267948966,11,98.9
3.141592653589793,-1.5707963267948966,0.0,1.5707963267948966,10,99.0
3.141592653589793,-1.5707963267948966,0.0,1.5707963267948966,17,98.30000000000001
3.141592653589793,-1.5707963267948966,0.0,1.5707963267948966,10,99.0
3.141592653589793,-1.5707963267948966,0.0,1.5707963267948966,15,98.5
3.141592653589793,-1.5707963267948966,0.0,1.5707963267948966,15,98.5
3.141592653589793,-1.5707963267948966,0.0,1.5707963267948966,13,98.7
3.141592653589793,-1.5707963267948966,0.0,1.5707963267948966,11,98.9
3.141592653589793,-1.5707963267948966,0.0,1.5707963267948966,12,98.80000000000001
3.141592653589793,-1.5707963267948966,0.0,1.5707963267948966,22,97.80000000000001
3.141592653589793,-1.5707963267948966,0.0,1.5707963267948966,6,99.4
3.141592653589793,-1.5707963267948966,0.0,1.5707963267948966,15,98.5
3.141592653589793,-1.5707963267948966,0.0,1.5707963267948966,17,98.30000000000001
3.141592653589793,-1.5707963267948966,0.0,1.5707963267948966,10,99.0
3.141592653589793,-1.5707963267948966,0.0,1.5707963267948966,11,98.9
3.141592653589793,-1.5707963267948966,0.0,1.5707963267948966,3,99.7
3.141592653589793,-1.5707963267948966,0.0,1.5707963267948966,13,98.7
3.141592653589793,-1.5707963267948966,0.0,1.5707963267948966,11,98.9
3.141592653589793,-1.5707963267948966,0.0,1.5707963267948966,8,99.2
3.141592653589793,-1.5707963267948966,0.0,1.5707963267948966,9,99.10000000000001
3.141592653589793,-1.5707963267948966,0.0,1.5707963267948966,16,98.4
3.141592653589793,-1.5707963267948966,0.0,1.5707963267948966,14,98.60000000000001
3.141592653589793,-1.5707963267948966,0.0,1.5707963267948966,5,99.5
3.141592653589793,-1.5707963267948966,0.0,1.5707963267948966,8,99.2
3.141592653589793,-1.5707963267948966,0.0,1.5707963267948966,14,98.60000000000001
3.141592653589793,-1.5707963267948966,0.0,1.5707963267948966,20,98.0
3.141592653589793,-1.5707963267948966,0.0,1.5707963267948966,9,99.10000000000001
3.141592653589793,-1.5707963267948966,0.0,1.5707963267948966,11,98.9
3.141592653589793,-1.5707963267948966,0.0,1.5707963267948966,6,99.4
3.141592653589793,-1.5707963267948966,0.0,1.5707963267948966,8,99.2
3.141592653589793,-1.5707963267948966,0.0,1.5707963267948966,11,98.9
3.141592653589793,-1.5707963267948966,0.0,1.5707963267948966,9,99.10000000000001
3.141592653589793,-1.5707963267948966,0.0,1.5707963267948966,9,99.10000000000001
3.141592653589793,-1.5707963267948966,0.0,1.5707963267948966,13,98.7
3.141592653589793,-1.5707963267948966,0.0,1.5707963267948966,3,99.7
3.141592653589793,-1.5707963267948966,0.0,1.5707963267948966,8,99.2
3.141592653589793,-1.5707963267948966,0.0,1.5707963267948966,12,98.80000000000001
3.141592653589793,-1.5707963267948966,0.0,1.5707963267948966,12,98.80000000000001
3.141592653589793,-1.5707963267948966,0.0,1.5707963267948966,4,99.60000000000001
3.141592653589793,-1.5707963267948966,0.0,1.5707963267948966,13,98.7
3.141592653589793,-1.5707963267948966,0.0,1.5707963267948966,6,99.4
3.141592653589793,-1.5707963267948966,0.0,1.5707963267948966,3,99.7
3.141592653589793,-1.5707963267948966,0.0,1.5707963267948966,17,98.30000000000001
3.141592653589793,-1.5707963267948966,0.0,1.5707963267948966,15,98.5
3.141592653589793,-1.5707963267948966,0.0,1.5707963267948966,12,98.80000000000001
3.141592653589793,-1.5707963267948966,0.0,1.5707963267948966,8,99.2
3.141592653589793,-1.5707963267948966,0.0,1.5707963267948966,15,98.5
3.141592653589793,-1.5707963267948966,0.0,1.5707963267948966,11,98.9
3.141592653589793,-1.5707963267948966,0.0,1.5707963267948966,9,99.10000000000001
3.141592653589793,-1.5707963267948966,0.0,1.5707963267948966,5,99.5
3.141592653589793,-1.5707963267948966,0.0,1.5707963267948966,6,99.4
3.141592653589793,-1.5707963267948966,0.0,1.5707963267948966,21,97.9
3.141592653589793,-1.5707963267948966,0.0,1.5707963267948966,7,99.30000000000001
3.141592653589793,-1.5707963267948966,0.0,1.5707963267948966,13,98.7
3.141592653589793,-1.5707963267948966,0.0,1.5707963267948966,6,99.4
3.141592653589793,-1.5707963267948966,0.0,1.5707963267948966,27,93.30000000000001
3.141592653589793,-1.5707963267948966,0.0,1.5707963267948966,8,99.2
3.141592653589793,-1.5707963267948966,0.0,1.5707963267948966,6,99.4
3.141592653589793,-1.5707963267948966,0.0,1.5707963267948966,20,98.0
3.141592653589793,-1.5707963267948966,0.0,1.5707963267948966,11,98.9
3.141592653589793,-1.5707963267948966,0.0,1.5707963267948966,3,99.7
3.141592653589793,-1.5707963267948966,0.0,1.5707963267948966,7,99.30000000000001
3.141592653589793,-1.5707963267948966,0.0,1.5707963267948966,13,98.7
3.141592653589793,-1.5707963267948966,0.0,1.5707963267948966,7,99.30000000000001
3.141592653589793,-1.5707963267948966,0.0,1.5707963267948966,14,98.60000000000001
3.141592653589793,-1.5707963267948966,0.0,1.5707963267948966,13,98.7